8 0.44591346153846156 0.28125 0.2860576923076923 0.1875
8 0.703125 0.49158653846153844 0.24519230769230768 0.17908653846153846
8 0.7055288461538461 0.6298076923076923 0.26802884615384615 0.13341346153846154
8 0.6947115384615384 0.7259615384615384 0.2548076923076923 0.12980769230769232
8 0.4483173076923077 0.41346153846153844 0.27283653846153844 0.15625
8 0.45072115384615385 0.5396634615384616 0.25841346153846156 0.13341346153846154
8 0.45552884615384615 0.6382211538461539 0.24158653846153846 0.11658653846153846
8 0.45552884615384615 0.7271634615384616 0.24158653846153846 0.10697115384615384
8 0.18990384615384615 0.5384615384615384 0.28966346153846156 0.22716346153846154
8 0.20072115384615385 0.6899038461538461 0.2860576923076923 0.11177884615384616
8 0.21875 0.7896634615384616 0.2860576923076923 0.13341346153846154
8 0.1875 0.328125 0.23197115384615385 0.15625
8 0.9086538461538461 0.359375 0.15625 0.16466346153846154