8 0.40865384615384615 0.5396634615384616 0.28125 0.24158653846153846
8 0.6766826923076923 0.5204326923076923 0.26322115384615385 0.21875
8 0.38221153846153844 0.6850961538461539 0.26322115384615385 0.16466346153846154
8 0.6382211538461539 0.32091346153846156 0.21394230769230768 0.15144230769230768
8 0.6538461538461539 0.65625 0.26322115384615385 0.15144230769230768
8 0.6478365384615384 0.75 0.26802884615384615 0.13341346153846154
8 0.8990384615384616 0.28846153846153844 0.18269230769230768 0.20072115384615385
8 0.8954326923076923 0.5384615384615384 0.20072115384615385 0.14783653846153846
8 0.8774038461538461 0.7271634615384616 0.23677884615384615 0.14302884615384615
8 0.8834134615384616 0.43028846153846156 0.22355769230769232 0.20072115384615385
8 0.4014423076923077 0.3233173076923077 0.24158653846153846 0.17427884615384615