11 0.8197115384615384 0.5913461538461539 0.18269230769230768 0.3701923076923077
11 0.6478365384615384 0.5961538461538461 0.17908653846153846 0.3701923076923077
11 0.4735576923076923 0.5913461538461539 0.19591346153846154 0.3701923076923077
11 0.28846153846153844 0.5913461538461539 0.20072115384615385 0.3701923076923077
11 0.0985576923076923 0.5865384615384616 0.19591346153846154 0.3701923076923077
11 0.8209134615384616 0.31490384615384615 0.17908653846153846 0.19230769230769232
11 0.6430288461538461 0.31490384615384615 0.17908653846153846 0.20072115384615385
11 0.47115384615384615 0.31490384615384615 0.18269230769230768 0.19230769230769232
11 0.28365384615384615 0.31490384615384615 0.18269230769230768 0.19230769230769232
11 0.10216346153846154 0.3076923076923077 0.1875 0.17908653846153846
11 0.9459134615384616 0.59375 0.0985576923076923 0.36658653846153844