13 0.7163461538461539 0.421875 0.33533653846153844 0.21875
13 0.8521634615384616 0.33533653846153844 0.2860576923076923 0.21394230769230768
13 0.45552884615384615 0.6430288461538461 0.39302884615384615 0.5625
13 0.24278846153846154 0.7103365384615384 0.40625 0.5709134615384616
13 0.11899038461538461 0.7860576923076923 0.23798076923076922 0.40384615384615385
13 0.18509615384615385 0.203125 0.33533653846153844 0.14783653846153846
13 0.09375 0.0889423076923077 0.1875 0.14302884615384615
13 0.6225961538461539 0.18509615384615385 0.23677884615384615 0.3701923076923077
13 0.7475961538461539 0.19831730769230768 0.24519230769230768 0.35216346153846156
13 0.43028846153846156 0.16826923076923078 0.16346153846153846 0.33653846153846156
13 0.2548076923076923 0.14302884615384615 0.23197115384615385 0.2860576923076923