19 0.20072115384615385 0.46033653846153844 0.125 0.17908653846153846
19 0.3173076923076923 0.46875 0.0985576923076923 0.17908653846153846
19 0.42908653846153844 0.46875 0.10697115384615384 0.16947115384615385
19 0.5576923076923077 0.46875 0.0889423076923077 0.17908653846153846
19 0.65625 0.484375 0.0985576923076923 0.20072115384615385
19 0.7740384615384616 0.48197115384615385 0.11177884615384616 0.20552884615384615
19 0.21153846153846154 0.7896634615384616 0.09375 0.16947115384615385
19 0.3173076923076923 0.8100961538461539 0.0985576923076923 0.18269230769230768
19 0.5132211538461539 0.8521634615384616 0.10697115384615384 0.19591346153846154
19 0.6322115384615384 0.859375 0.10216346153846154 0.18269230769230768
19 0.19230769230769232 0.08533653846153846 0.11658653846153846 0.16947115384615385
19 0.515625 0.078125 0.13822115384615385 0.15625