19 0.7680288461538461 0.3173076923076923 0.125 0.35697115384615385
19 0.6478365384615384 0.328125 0.11658653846153846 0.33533653846153844
19 0.5264423076923077 0.33533653846153844 0.125 0.33052884615384615
19 0.4014423076923077 0.32091346153846156 0.125 0.3485576923076923
19 0.2860576923076923 0.31971153846153844 0.125 0.34375
19 0.171875 0.3125 0.11177884615384616 0.35697115384615385
19 0.22956730769230768 0.6923076923076923 0.1201923076923077 0.17908653846153846
19 0.33653846153846156 0.6947115384615384 0.10216346153846154 0.18269230769230768
19 0.5084134615384616 0.7103365384615384 0.125 0.16105769230769232
19 0.6225961538461539 0.703125 0.09375 0.18269230769230768
19 0.7271634615384616 0.7079326923076923 0.0985576923076923 0.18269230769230768
19 0.8257211538461539 0.7163461538461539 0.0889423076923077 0.19230769230769232