21 0.42908653846153844 0.484375 0.21394230769230768 0.23677884615384615
21 0.6983173076923077 0.7572115384615384 0.24519230769230768 0.22716346153846154
21 0.42427884615384615 0.765625 0.25 0.19230769230769232
21 0.12980769230769232 0.7475961538461539 0.25 0.21033653846153846
21 0.15865384615384615 0.46875 0.2548076923076923 0.25
21 0.9014423076923077 0.49278846153846156 0.1875 0.2548076923076923
21 0.9242788461538461 0.7415865384615384 0.14302884615384615 0.23197115384615385
21 0.8665865384615384 0.23918269230769232 0.16947115384615385 0.17427884615384615
21 0.6646634615384616 0.22355769230769232 0.21394230769230768 0.20552884615384615
21 0.4375 0.22355769230769232 0.19591346153846154 0.20552884615384615
21 0.203125 0.21634615384615385 0.21033653846153846 0.19230769230769232