24 0.26322115384615385 0.6586538461538461 0.25841346153846156 0.15625
24 0.4375 0.6694711538461539 0.21394230769230768 0.17908653846153846
24 0.6358173076923077 0.6766826923076923 0.19230769230769232 0.19230769230769232
24 0.8389423076923077 0.6947115384615384 0.21394230769230768 0.22716346153846154
24 0.26802884615384615 0.48677884615384615 0.25 0.15144230769230768
24 0.43990384615384615 0.484375 0.23677884615384615 0.15625
24 0.6358173076923077 0.48677884615384615 0.20072115384615385 0.16105769230769232
24 0.2704326923076923 0.31971153846153844 0.2548076923076923 0.18269230769230768
24 0.44471153846153844 0.31009615384615385 0.23677884615384615 0.17427884615384615
24 0.6382211538461539 0.296875 0.19591346153846154 0.20072115384615385
24 0.8329326923076923 0.2764423076923077 0.18269230769230768 0.24158653846153846
24 0.8461538461538461 0.49278846153846156 0.20072115384615385 0.17427884615384615